Scope: Test35
	Basic Block: 7
		Type: MOVE
		Label: null
		Next: 8
		Use: []
		Def: [0]
		In: []
		Out: [0]

	Basic Block: 8
		Type: MOVE
		Label: null
		Next: 9
		Use: []
		Def: [1]
		In: [0]
		Out: [0, 1]

	Basic Block: 9
		Type: MOVE
		Label: null
		Next: 10
		Use: []
		Def: [2]
		In: [0, 1]
		Out: [0, 1, 2]

	Basic Block: 10
		Type: MOVE
		Label: null
		Next: 11
		Use: []
		Def: [3]
		In: [0, 1, 2]
		Out: [0, 1, 2, 3]

	Basic Block: 11
		Type: MOVE
		Label: null
		Next: 12
		Use: []
		Def: [4]
		In: [0, 1, 2, 3]
		Out: [0, 1, 2, 3, 4]

	Basic Block: 12
		Type: MOVE
		Label: null
		Next: 13
		Use: []
		Def: [5]
		In: [0, 1, 2, 3, 4]
		Out: [0, 1, 2, 3, 4, 5]

	Basic Block: 13
		Type: MOVE
		Label: null
		Next: 14
		Use: []
		Def: [6]
		In: [0, 1, 2, 3, 4, 5]
		Out: [0, 1, 2, 3, 4, 5, 6]

	Basic Block: 14
		Type: MOVE
		Label: null
		Next: 15
		Use: []
		Def: [7]
		In: [0, 1, 2, 3, 4, 5, 6]
		Out: [0, 1, 2, 3, 4, 5, 6, 7]

	Basic Block: 15
		Type: MOVE
		Label: null
		Next: 16
		Use: []
		Def: [8]
		In: [0, 1, 2, 3, 4, 5, 6, 7]
		Out: [0, 1, 2, 3, 4, 5, 6, 7, 8]

	Basic Block: 16
		Type: MOVE
		Label: null
		Next: 17
		Use: []
		Def: [9]
		In: [0, 1, 2, 3, 4, 5, 6, 7, 8]
		Out: [0, 1, 2, 3, 4, 5, 6, 7, 8, 9]

	Basic Block: 17
		Type: MOVE
		Label: null
		Next: 18
		Use: []
		Def: [10]
		In: [0, 1, 2, 3, 4, 5, 6, 7, 8, 9]
		Out: [0, 1, 2, 3, 4, 5, 6, 7, 8, 9, 10]

	Basic Block: 18
		Type: MOVE
		Label: null
		Next: 19
		Use: []
		Def: [11]
		In: [0, 1, 2, 3, 4, 5, 6, 7, 8, 9, 10]
		Out: [0, 1, 2, 3, 4, 5, 6, 7, 8, 9, 10, 11]

	Basic Block: 19
		Type: MOVE
		Label: null
		Next: 20
		Use: []
		Def: [12]
		In: [0, 1, 2, 3, 4, 5, 6, 7, 8, 9, 10, 11]
		Out: [0, 1, 2, 3, 4, 5, 6, 7, 8, 9, 10, 11, 12]

	Basic Block: 20
		Type: MOVE
		Label: null
		Next: 21
		Use: []
		Def: [13]
		In: [0, 1, 2, 3, 4, 5, 6, 7, 8, 9, 10, 11, 12]
		Out: [0, 1, 2, 3, 4, 5, 6, 7, 8, 9, 10, 11, 12, 13]

	Basic Block: 21
		Type: MOVE
		Label: null
		Next: 22
		Use: []
		Def: [14]
		In: [0, 1, 2, 3, 4, 5, 6, 7, 8, 9, 10, 11, 12, 13]
		Out: [0, 1, 2, 3, 4, 5, 6, 7, 8, 9, 10, 11, 12, 13, 14]

	Basic Block: 22
		Type: MOVE
		Label: null
		Next: 23
		Use: []
		Def: [15]
		In: [0, 1, 2, 3, 4, 5, 6, 7, 8, 9, 10, 11, 12, 13, 14]
		Out: [0, 1, 2, 3, 4, 5, 6, 7, 8, 9, 10, 11, 12, 13, 14, 15]

	Basic Block: 23
		Type: MOVE
		Label: null
		Next: 24
		Use: []
		Def: [16]
		In: [0, 1, 2, 3, 4, 5, 6, 7, 8, 9, 10, 11, 12, 13, 14, 15]
		Out: [0, 1, 2, 3, 4, 5, 6, 7, 8, 9, 10, 11, 12, 13, 14, 15, 16]

	Basic Block: 24
		Type: MOVE
		Label: null
		Next: 25
		Use: []
		Def: [17]
		In: [0, 1, 2, 3, 4, 5, 6, 7, 8, 9, 10, 11, 12, 13, 14, 15, 16]
		Out: [0, 1, 2, 3, 4, 5, 6, 7, 8, 9, 10, 11, 12, 13, 14, 15, 16, 17]

	Basic Block: 25
		Type: MOVE
		Label: null
		Next: 26
		Use: []
		Def: [18]
		In: [0, 1, 2, 3, 4, 5, 6, 7, 8, 9, 10, 11, 12, 13, 14, 15, 16, 17]
		Out: [0, 1, 2, 3, 4, 5, 6, 7, 8, 9, 10, 11, 12, 13, 14, 15, 16, 17, 18]

	Basic Block: 26
		Type: MOVE
		Label: null
		Next: 27
		Use: []
		Def: [19]
		In: [0, 1, 2, 3, 4, 5, 6, 7, 8, 9, 10, 11, 12, 13, 14, 15, 16, 17, 18]
		Out: [0, 1, 2, 3, 4, 5, 6, 7, 8, 9, 10, 11, 12, 13, 14, 15, 16, 17, 18, 19]

	Basic Block: 27
		Type: MOVE
		Label: null
		Next: 28
		Use: []
		Def: [20]
		In: [0, 1, 2, 3, 4, 5, 6, 7, 8, 9, 10, 11, 12, 13, 14, 15, 16, 17, 18, 19]
		Out: [0, 1, 2, 3, 4, 5, 6, 7, 8, 9, 10, 11, 12, 13, 14, 15, 16, 17, 18, 19, 20]

	Basic Block: 28
		Type: MOVE
		Label: null
		Next: 29
		Use: []
		Def: [21]
		In: [0, 1, 2, 3, 4, 5, 6, 7, 8, 9, 10, 11, 12, 13, 14, 15, 16, 17, 18, 19, 20]
		Out: [0, 1, 2, 3, 4, 5, 6, 7, 8, 9, 10, 11, 12, 13, 14, 15, 16, 17, 18, 19, 20, 21]

	Basic Block: 29
		Type: MOVE
		Label: null
		Next: 30
		Use: []
		Def: [22]
		In: [0, 1, 2, 3, 4, 5, 6, 7, 8, 9, 10, 11, 12, 13, 14, 15, 16, 17, 18, 19, 20, 21]
		Out: [0, 1, 2, 3, 4, 5, 6, 7, 8, 9, 10, 11, 12, 13, 14, 15, 16, 17, 18, 19, 20, 21, 22]

	Basic Block: 30
		Type: MOVE
		Label: null
		Next: 31
		Use: []
		Def: [23]
		In: [0, 1, 2, 3, 4, 5, 6, 7, 8, 9, 10, 11, 12, 13, 14, 15, 16, 17, 18, 19, 20, 21, 22]
		Out: [0, 1, 2, 3, 4, 5, 6, 7, 8, 9, 10, 11, 12, 13, 14, 15, 16, 17, 18, 19, 20, 21, 22, 23]

	Basic Block: 31
		Type: MOVE
		Label: null
		Next: 32
		Use: []
		Def: [24]
		In: [0, 1, 2, 3, 4, 5, 6, 7, 8, 9, 10, 11, 12, 13, 14, 15, 16, 17, 18, 19, 20, 21, 22, 23]
		Out: [0, 1, 2, 3, 4, 5, 6, 7, 8, 9, 10, 11, 12, 13, 14, 15, 16, 17, 18, 19, 20, 21, 22, 23, 24]

	Basic Block: 32
		Type: MOVE
		Label: null
		Next: 33
		Use: []
		Def: [25]
		In: [0, 1, 2, 3, 4, 5, 6, 7, 8, 9, 10, 11, 12, 13, 14, 15, 16, 17, 18, 19, 20, 21, 22, 23, 24]
		Out: [0, 1, 2, 3, 4, 5, 6, 7, 8, 9, 10, 11, 12, 13, 14, 15, 16, 17, 18, 19, 20, 21, 22, 23, 24, 25]

	Basic Block: 33
		Type: MOVE
		Label: null
		Next: 34
		Use: []
		Def: [26]
		In: [0, 1, 2, 3, 4, 5, 6, 7, 8, 9, 10, 11, 12, 13, 14, 15, 16, 17, 18, 19, 20, 21, 22, 23, 24, 25]
		Out: [0, 1, 2, 3, 4, 5, 6, 7, 8, 9, 10, 11, 12, 13, 14, 15, 16, 17, 18, 19, 20, 21, 22, 23, 24, 25, 26]

	Basic Block: 34
		Type: MOVE
		Label: null
		Next: 35
		Use: []
		Def: [27]
		In: [0, 1, 2, 3, 4, 5, 6, 7, 8, 9, 10, 11, 12, 13, 14, 15, 16, 17, 18, 19, 20, 21, 22, 23, 24, 25, 26]
		Out: [0, 1, 2, 3, 4, 5, 6, 7, 8, 9, 10, 11, 12, 13, 14, 15, 16, 17, 18, 19, 20, 21, 22, 23, 24, 25, 26, 27]

	Basic Block: 35
		Type: MOVE
		Label: null
		Next: 36
		Use: []
		Def: [28]
		In: [0, 1, 2, 3, 4, 5, 6, 7, 8, 9, 10, 11, 12, 13, 14, 15, 16, 17, 18, 19, 20, 21, 22, 23, 24, 25, 26, 27]
		Out: [0, 1, 2, 3, 4, 5, 6, 7, 8, 9, 10, 11, 12, 13, 14, 15, 16, 17, 18, 19, 20, 21, 22, 23, 24, 25, 26, 27, 28]

	Basic Block: 36
		Type: MOVE
		Label: null
		Next: 37
		Use: []
		Def: [29]
		In: [0, 1, 2, 3, 4, 5, 6, 7, 8, 9, 10, 11, 12, 13, 14, 15, 16, 17, 18, 19, 20, 21, 22, 23, 24, 25, 26, 27, 28]
		Out: [0, 1, 2, 3, 4, 5, 6, 7, 8, 9, 10, 11, 12, 13, 14, 15, 16, 17, 18, 19, 20, 21, 22, 23, 24, 25, 26, 27, 28, 29]

	Basic Block: 37
		Type: MOVE
		Label: null
		Next: 38
		Use: []
		Def: [30]
		In: [0, 1, 2, 3, 4, 5, 6, 7, 8, 9, 10, 11, 12, 13, 14, 15, 16, 17, 18, 19, 20, 21, 22, 23, 24, 25, 26, 27, 28, 29]
		Out: [0, 1, 2, 3, 4, 5, 6, 7, 8, 9, 10, 11, 12, 13, 14, 15, 16, 17, 18, 19, 20, 21, 22, 23, 24, 25, 26, 27, 28, 29, 30]

	Basic Block: 38
		Type: MOVE
		Label: null
		Next: 39
		Use: []
		Def: [31]
		In: [0, 1, 2, 3, 4, 5, 6, 7, 8, 9, 10, 11, 12, 13, 14, 15, 16, 17, 18, 19, 20, 21, 22, 23, 24, 25, 26, 27, 28, 29, 30]
		Out: [0, 1, 2, 3, 4, 5, 6, 7, 8, 9, 10, 11, 12, 13, 14, 15, 16, 17, 18, 19, 20, 21, 22, 23, 24, 25, 26, 27, 28, 29, 30, 31]

	Basic Block: 39
		Type: MOVE
		Label: null
		Next: 40
		Use: []
		Def: [32]
		In: [0, 1, 2, 3, 4, 5, 6, 7, 8, 9, 10, 11, 12, 13, 14, 15, 16, 17, 18, 19, 20, 21, 22, 23, 24, 25, 26, 27, 28, 29, 30, 31]
		Out: [0, 1, 2, 3, 4, 5, 6, 7, 8, 9, 10, 11, 12, 13, 14, 15, 16, 17, 18, 19, 20, 21, 22, 23, 24, 25, 26, 27, 28, 29, 30, 31, 32]

	Basic Block: 40
		Type: MOVE
		Label: null
		Next: 41
		Use: []
		Def: [33]
		In: [0, 1, 2, 3, 4, 5, 6, 7, 8, 9, 10, 11, 12, 13, 14, 15, 16, 17, 18, 19, 20, 21, 22, 23, 24, 25, 26, 27, 28, 29, 30, 31, 32]
		Out: [0, 1, 2, 3, 4, 5, 6, 7, 8, 9, 10, 11, 12, 13, 14, 15, 16, 17, 18, 19, 20, 21, 22, 23, 24, 25, 26, 27, 28, 29, 30, 31, 32, 33]

	Basic Block: 41
		Type: PRINT
		Label: null
		Next: 42
		Use: [33]
		Def: []
		In: [0, 1, 2, 3, 4, 5, 6, 7, 8, 9, 10, 11, 12, 13, 14, 15, 16, 17, 18, 19, 20, 21, 22, 23, 24, 25, 26, 27, 28, 29, 30, 31, 32, 33]
		Out: [0, 1, 2, 3, 4, 5, 6, 7, 8, 9, 10, 11, 12, 13, 14, 15, 16, 17, 18, 19, 20, 21, 22, 23, 24, 25, 26, 27, 28, 29, 30, 31, 32]

	Basic Block: 42
		Type: PRINT
		Label: null
		Next: 43
		Use: [32]
		Def: []
		In: [0, 1, 2, 3, 4, 5, 6, 7, 8, 9, 10, 11, 12, 13, 14, 15, 16, 17, 18, 19, 20, 21, 22, 23, 24, 25, 26, 27, 28, 29, 30, 31, 32]
		Out: [0, 1, 2, 3, 4, 5, 6, 7, 8, 9, 10, 11, 12, 13, 14, 15, 16, 17, 18, 19, 20, 21, 22, 23, 24, 25, 26, 27, 28, 29, 30, 31]

	Basic Block: 43
		Type: PRINT
		Label: null
		Next: 44
		Use: [31]
		Def: []
		In: [0, 1, 2, 3, 4, 5, 6, 7, 8, 9, 10, 11, 12, 13, 14, 15, 16, 17, 18, 19, 20, 21, 22, 23, 24, 25, 26, 27, 28, 29, 30, 31]
		Out: [0, 1, 2, 3, 4, 5, 6, 7, 8, 9, 10, 11, 12, 13, 14, 15, 16, 17, 18, 19, 20, 21, 22, 23, 24, 25, 26, 27, 28, 29, 30]

	Basic Block: 44
		Type: PRINT
		Label: null
		Next: 45
		Use: [30]
		Def: []
		In: [0, 1, 2, 3, 4, 5, 6, 7, 8, 9, 10, 11, 12, 13, 14, 15, 16, 17, 18, 19, 20, 21, 22, 23, 24, 25, 26, 27, 28, 29, 30]
		Out: [0, 1, 2, 3, 4, 5, 6, 7, 8, 9, 10, 11, 12, 13, 14, 15, 16, 17, 18, 19, 20, 21, 22, 23, 24, 25, 26, 27, 28, 29]

	Basic Block: 45
		Type: PRINT
		Label: null
		Next: 46
		Use: [29]
		Def: []
		In: [0, 1, 2, 3, 4, 5, 6, 7, 8, 9, 10, 11, 12, 13, 14, 15, 16, 17, 18, 19, 20, 21, 22, 23, 24, 25, 26, 27, 28, 29]
		Out: [0, 1, 2, 3, 4, 5, 6, 7, 8, 9, 10, 11, 12, 13, 14, 15, 16, 17, 18, 19, 20, 21, 22, 23, 24, 25, 26, 27, 28]

	Basic Block: 46
		Type: PRINT
		Label: null
		Next: 47
		Use: [28]
		Def: []
		In: [0, 1, 2, 3, 4, 5, 6, 7, 8, 9, 10, 11, 12, 13, 14, 15, 16, 17, 18, 19, 20, 21, 22, 23, 24, 25, 26, 27, 28]
		Out: [0, 1, 2, 3, 4, 5, 6, 7, 8, 9, 10, 11, 12, 13, 14, 15, 16, 17, 18, 19, 20, 21, 22, 23, 24, 25, 26, 27]

	Basic Block: 47
		Type: PRINT
		Label: null
		Next: 48
		Use: [27]
		Def: []
		In: [0, 1, 2, 3, 4, 5, 6, 7, 8, 9, 10, 11, 12, 13, 14, 15, 16, 17, 18, 19, 20, 21, 22, 23, 24, 25, 26, 27]
		Out: [0, 1, 2, 3, 4, 5, 6, 7, 8, 9, 10, 11, 12, 13, 14, 15, 16, 17, 18, 19, 20, 21, 22, 23, 24, 25, 26]

	Basic Block: 48
		Type: PRINT
		Label: null
		Next: 49
		Use: [26]
		Def: []
		In: [0, 1, 2, 3, 4, 5, 6, 7, 8, 9, 10, 11, 12, 13, 14, 15, 16, 17, 18, 19, 20, 21, 22, 23, 24, 25, 26]
		Out: [0, 1, 2, 3, 4, 5, 6, 7, 8, 9, 10, 11, 12, 13, 14, 15, 16, 17, 18, 19, 20, 21, 22, 23, 24, 25]

	Basic Block: 49
		Type: PRINT
		Label: null
		Next: 50
		Use: [25]
		Def: []
		In: [0, 1, 2, 3, 4, 5, 6, 7, 8, 9, 10, 11, 12, 13, 14, 15, 16, 17, 18, 19, 20, 21, 22, 23, 24, 25]
		Out: [0, 1, 2, 3, 4, 5, 6, 7, 8, 9, 10, 11, 12, 13, 14, 15, 16, 17, 18, 19, 20, 21, 22, 23, 24]

	Basic Block: 50
		Type: PRINT
		Label: null
		Next: 51
		Use: [24]
		Def: []
		In: [0, 1, 2, 3, 4, 5, 6, 7, 8, 9, 10, 11, 12, 13, 14, 15, 16, 17, 18, 19, 20, 21, 22, 23, 24]
		Out: [0, 1, 2, 3, 4, 5, 6, 7, 8, 9, 10, 11, 12, 13, 14, 15, 16, 17, 18, 19, 20, 21, 22, 23]

	Basic Block: 51
		Type: PRINT
		Label: null
		Next: 52
		Use: [23]
		Def: []
		In: [0, 1, 2, 3, 4, 5, 6, 7, 8, 9, 10, 11, 12, 13, 14, 15, 16, 17, 18, 19, 20, 21, 22, 23]
		Out: [0, 1, 2, 3, 4, 5, 6, 7, 8, 9, 10, 11, 12, 13, 14, 15, 16, 17, 18, 19, 20, 21, 22]

	Basic Block: 52
		Type: PRINT
		Label: null
		Next: 53
		Use: [22]
		Def: []
		In: [0, 1, 2, 3, 4, 5, 6, 7, 8, 9, 10, 11, 12, 13, 14, 15, 16, 17, 18, 19, 20, 21, 22]
		Out: [0, 1, 2, 3, 4, 5, 6, 7, 8, 9, 10, 11, 12, 13, 14, 15, 16, 17, 18, 19, 20, 21]

	Basic Block: 53
		Type: PRINT
		Label: null
		Next: 54
		Use: [21]
		Def: []
		In: [0, 1, 2, 3, 4, 5, 6, 7, 8, 9, 10, 11, 12, 13, 14, 15, 16, 17, 18, 19, 20, 21]
		Out: [0, 1, 2, 3, 4, 5, 6, 7, 8, 9, 10, 11, 12, 13, 14, 15, 16, 17, 18, 19, 20]

	Basic Block: 54
		Type: PRINT
		Label: null
		Next: 55
		Use: [20]
		Def: []
		In: [0, 1, 2, 3, 4, 5, 6, 7, 8, 9, 10, 11, 12, 13, 14, 15, 16, 17, 18, 19, 20]
		Out: [0, 1, 2, 3, 4, 5, 6, 7, 8, 9, 10, 11, 12, 13, 14, 15, 16, 17, 18, 19]

	Basic Block: 55
		Type: PRINT
		Label: null
		Next: 56
		Use: [19]
		Def: []
		In: [0, 1, 2, 3, 4, 5, 6, 7, 8, 9, 10, 11, 12, 13, 14, 15, 16, 17, 18, 19]
		Out: [0, 1, 2, 3, 4, 5, 6, 7, 8, 9, 10, 11, 12, 13, 14, 15, 16, 17, 18]

	Basic Block: 56
		Type: PRINT
		Label: null
		Next: 57
		Use: [18]
		Def: []
		In: [0, 1, 2, 3, 4, 5, 6, 7, 8, 9, 10, 11, 12, 13, 14, 15, 16, 17, 18]
		Out: [0, 1, 2, 3, 4, 5, 6, 7, 8, 9, 10, 11, 12, 13, 14, 15, 16, 17]

	Basic Block: 57
		Type: PRINT
		Label: null
		Next: 58
		Use: [17]
		Def: []
		In: [0, 1, 2, 3, 4, 5, 6, 7, 8, 9, 10, 11, 12, 13, 14, 15, 16, 17]
		Out: [0, 1, 2, 3, 4, 5, 6, 7, 8, 9, 10, 11, 12, 13, 14, 15, 16]

	Basic Block: 58
		Type: PRINT
		Label: null
		Next: 59
		Use: [16]
		Def: []
		In: [0, 1, 2, 3, 4, 5, 6, 7, 8, 9, 10, 11, 12, 13, 14, 15, 16]
		Out: [0, 1, 2, 3, 4, 5, 6, 7, 8, 9, 10, 11, 12, 13, 14, 15]

	Basic Block: 59
		Type: PRINT
		Label: null
		Next: 60
		Use: [15]
		Def: []
		In: [0, 1, 2, 3, 4, 5, 6, 7, 8, 9, 10, 11, 12, 13, 14, 15]
		Out: [0, 1, 2, 3, 4, 5, 6, 7, 8, 9, 10, 11, 12, 13, 14]

	Basic Block: 60
		Type: PRINT
		Label: null
		Next: 61
		Use: [14]
		Def: []
		In: [0, 1, 2, 3, 4, 5, 6, 7, 8, 9, 10, 11, 12, 13, 14]
		Out: [0, 1, 2, 3, 4, 5, 6, 7, 8, 9, 10, 11, 12, 13]

	Basic Block: 61
		Type: PRINT
		Label: null
		Next: 62
		Use: [13]
		Def: []
		In: [0, 1, 2, 3, 4, 5, 6, 7, 8, 9, 10, 11, 12, 13]
		Out: [0, 1, 2, 3, 4, 5, 6, 7, 8, 9, 10, 11, 12]

	Basic Block: 62
		Type: PRINT
		Label: null
		Next: 63
		Use: [12]
		Def: []
		In: [0, 1, 2, 3, 4, 5, 6, 7, 8, 9, 10, 11, 12]
		Out: [0, 1, 2, 3, 4, 5, 6, 7, 8, 9, 10, 11]

	Basic Block: 63
		Type: PRINT
		Label: null
		Next: 64
		Use: [11]
		Def: []
		In: [0, 1, 2, 3, 4, 5, 6, 7, 8, 9, 10, 11]
		Out: [0, 1, 2, 3, 4, 5, 6, 7, 8, 9, 10]

	Basic Block: 64
		Type: PRINT
		Label: null
		Next: 65
		Use: [10]
		Def: []
		In: [0, 1, 2, 3, 4, 5, 6, 7, 8, 9, 10]
		Out: [0, 1, 2, 3, 4, 5, 6, 7, 8, 9]

	Basic Block: 65
		Type: PRINT
		Label: null
		Next: 66
		Use: [9]
		Def: []
		In: [0, 1, 2, 3, 4, 5, 6, 7, 8, 9]
		Out: [0, 1, 2, 3, 4, 5, 6, 7, 8]

	Basic Block: 66
		Type: PRINT
		Label: null
		Next: 67
		Use: [8]
		Def: []
		In: [0, 1, 2, 3, 4, 5, 6, 7, 8]
		Out: [0, 1, 2, 3, 4, 5, 6, 7]

	Basic Block: 67
		Type: PRINT
		Label: null
		Next: 68
		Use: [7]
		Def: []
		In: [0, 1, 2, 3, 4, 5, 6, 7]
		Out: [0, 1, 2, 3, 4, 5, 6]

	Basic Block: 68
		Type: PRINT
		Label: null
		Next: 69
		Use: [6]
		Def: []
		In: [0, 1, 2, 3, 4, 5, 6]
		Out: [0, 1, 2, 3, 4, 5]

	Basic Block: 69
		Type: PRINT
		Label: null
		Next: 70
		Use: [5]
		Def: []
		In: [0, 1, 2, 3, 4, 5]
		Out: [0, 1, 2, 3, 4]

	Basic Block: 70
		Type: PRINT
		Label: null
		Next: 71
		Use: [4]
		Def: []
		In: [0, 1, 2, 3, 4]
		Out: [0, 1, 2, 3]

	Basic Block: 71
		Type: PRINT
		Label: null
		Next: 72
		Use: [3]
		Def: []
		In: [0, 1, 2, 3]
		Out: [0, 1, 2]

	Basic Block: 72
		Type: PRINT
		Label: null
		Next: 73
		Use: [2]
		Def: []
		In: [0, 1, 2]
		Out: [0, 1]

	Basic Block: 73
		Type: PRINT
		Label: null
		Next: 74
		Use: [1]
		Def: []
		In: [0, 1]
		Out: [0]

	Basic Block: 74
		Type: PRINT
		Label: null
		Next: 75
		Use: [0]
		Def: []
		In: [0]
		Out: []

Scope: MAIN
	Basic Block: 2
		Type: MOVE
		Label: null
		Next: 3
		Use: []
		Def: [0]
		In: []
		Out: [0]

	Basic Block: 3
		Type: PRINT
		Label: null
		Next: 4
		Use: [0]
		Def: []
		In: [0]
		Out: []

